910003E0 10010001000000000000001111100000 11100000000000110000000010010001
910193E1 10010001000000011001001111100001 11100001100100110000000110010001
94000020 10010100000000000000000000100000 00100000000000000000000010010100
910003E0 10010001000000000000001111100000 11100000000000110000000010010001
910193E1 10010001000000011001001111100001 11100001100100110000000110010001
9400003B 10010100000000000000000000111011 00111011000000000000000010010100
910003E0 10010001000000000000001111100000 11100000000000110000000010010001
910193E1 10010001000000011001001111100001 11100001100100110000000110010001
94000011 10010100000000000000000000010001 00010001000000000000000010010100
910003E0 10010001000000000000001111100000 11100000000000110000000010010001
910003E1 10010001000000000000001111100001 11100001000000110000000010010001
910193EB 10010001000000011001001111101011 11101011100100110000000110010001
D1000562 11010001000000000000010101100010 01100010000001010000000011010001
910003E3 10010001000000000000001111100011 11100011000000110000000010010001
94000050 10010100000000000000000001010000 01010000000000000000000010010100
FFA00000 11111111101000000000000000000000 00000000000000001010000011111111
910003E0 10010001000000000000001111100000 11100000000000110000000010010001
910003E1 10010001000000000000001111100001 11100001000000110000000010010001
910193EB 10010001000000011001001111101011 11101011100100110000000110010001
D1000562 11010001000000000000010101100010 01100010000001010000000011010001
91000163 10010001000000000000000101100011 01100011000000010000000010010001
94000049 10010100000000000000000001001001 01001001000000000000000010010100
FFA00000 11111111101000000000000000000000 00000000000000001010000011111111
FFC00000 11111111110000000000000000000000 00000000000000001100000011111111
1400006F 00010100000000000000000001101111 01101111000000000000000000010100
8B1F03EA 10001011000111110000001111101010 11101010000000110001111110001011
EB01015F 11101011000000010000000101011111 01011111000000010000000111101011
540000CA 01010100000000000000000011001010 11001010000000000000000001010100
F840000B 11111000010000000000000000001011 00001011000000000100000011111000
FFA0000B 11111111101000000000000000001011 00001011000000001010000011111111
91002000 10010001000000000010000000000000 00000000001000000000000010010001
9100054A 10010001000000000000010101001010 01001010000001010000000010010001
17FFFFFA 00010111111111111111111111111010 11111010111111111111111100010111
D60003C0 11010110000000000000001111000000 11000000000000110000000011010110
AA1F03EA 10101010000111110000001111101010 11101010000000110001111110101010
CB0A002B 11001011000010100000000000101011 00101011000000000000101011001011
D100056B 11010001000000000000010101101011 01101011000001010000000011010001
F800000B 11111000000000000000000000001011 00001011000000000000000011111000
91002000 10010001000000000010000000000000 00000000001000000000000010010001
9100054A 10010001000000000000010101001010 01001010000001010000000010010001
EB01015F 11101011000000010000000101011111 01011111000000010000000111101011
54FFFF4B 01010100111111111111111101001011 01001011111111111111111101010100
D60003C0 11010110000000000000001111000000 11000000000000110000000011010110
910023EA 10010001000000000010001111101010 11101010001000110000000010010001
8B1F03EB 10001011000111110000001111101011 11101011000000110001111110001011
D3600C21 11010011011000000000110000100001 00100001000011000110000011010011
EB01015F 11101011000000010000000101011111 01011111000000010000000111101011
5400014A 01010100000000000000000101001010 01001010000000010000000001010100
F840800C 11111000010000001000000000001100 00001100100000000100000011111000
F840000D 11111000010000000000000000001101 00001101000000000100000011111000
EB0D019F 11101011000011010000000110011111 10011111000000010000110111101011
5400004A 01010100000000000000000001001010 01001010000000000000000001010100
8B1F014B 10001011000111110000000101001011 01001011000000010001111110001011
91002000 10010001000000000010000000000000 00000000001000000000000010010001
9100214A 10010001000000000010000101001010 01001010001000010000000010010001
EB01015F 11101011000000010000000101011111 01011111000000010000000111101011
17FFFFF6 00010111111111111111111111110110 11110110111111111111111100010111
8B1F0160 10001011000111110000000101100000 01100000000000010001111110001011
D60003C0 11010110000000000000001111000000 11000000000000110000000011010110
F8400009 11111000010000000000000000001001 00001001000000000100000011111000
F840002A 11111000010000000000000000101010 00101010000000000100000011111000
F800000A 11111000000000000000000000001010 00001010000000000000000011111000
F8000029 11111000000000000000000000101001 00101001000000000000000011111000
D60003C0 11010110000000000000001111000000 11000000000000110000000011010110
AA1F03F6 10101010000111110000001111110110 11110110000000110001111110101010
D100C39C 11010001000000001100001110011100 10011100110000110000000011010001
F802839E 11111000000000101000001110011110 10011110100000110000001011111000
F8020393 11111000000000100000001110010011 10010011000000110000001011111000
F8018394 11111000000000011000001110010100 10010100100000110000000111111000
F8010395 11111000000000010000001110010101 10010101000000110000000111111000
F8008396 11111000000000001000001110010110 10010110100000110000000011111000
F8000397 11111000000000000000001110010111 10010111000000110000000011111000
8B0003F3 10001011000000000000001111110011 11110011000000110000000010001011
8B0103F4 10001011000000010000001111110100 11110100000000110000000110001011
EB1402DF 11101011000101000000001011011111 11011111000000100001010011101011
5400016A 01010100000000000000000101101010 01101010000000010000000001010100
D3600ED7 11010011011000000000111011010111 11010111000011100110000011010011
8B170260 10001011000101110000001001100000 01100000000000100001011110001011
8B0003F5 10001011000000000000001111110101 11110101000000110000000010001011
CB160281 11001011000101100000001010000001 10000001000000100001011011001011
97FFFFDB 10010111111111111111111111011011 11011011111111111111111110010111
8B0002A1 10001011000000000000001010100001 10100001000000100000000010001011
8B1503E0 10001011000101010000001111100000 11100000000000110001010110001011
97FFFFE8 10010111111111111111111111101000 11101000111111111111111110010111
910006D6 10010001000000000000011011010110 11010110000001100000000010010001
17FFFFF5 00010111111111111111111111110101 11110101111111111111111100010111
F8400397 11111000010000000000001110010111 10010111000000110100000011111000
F8408396 11111000010000001000001110010110 10010110100000110100000011111000
F8410395 11111000010000010000001110010101 10010101000000110100000111111000
F8418394 11111000010000011000001110010100 10010100100000110100000111111000
F8420393 11111000010000100000001110010011 10010011000000110100001011111000
F842839E 11111000010000101000001110011110 10011110100000110100001011111000
9100C39C 10010001000000001100001110011100 10011100110000110000000010010001
D60003C0 11010110000000000000001111000000 11000000000000110000000011010110
D100A39C 11010001000000001010001110011100 10011100101000110000000011010001
F800039E 11111000000000000000001110011110 10011110000000110000000011111000
F8008393 11111000000000001000001110010011 10010011100000110000000011111000
F8010394 11111000000000010000001110010100 10010100000000110000000111111000
F8018395 11111000000000011000001110010101 10010101100000110000000111111000
F8020396 11111000000000100000001110010110 10010110000000110000001011111000
8B1F0013 10001011000111110000000000010011 00010011000000000001111110001011
8B1F0034 10001011000111110000000000110100 00110100000000000001111110001011
8B1F0055 10001011000111110000000001010101 01010101000000000001111110001011
8B1F0076 10001011000111110000000001110110 01110110000000000001111110001011
EB1402BF 11101011000101000000001010111111 10111111000000100001010011101011
5400012B 01010100000000000000000100101011 00101011000000010000000001010100
8B15028A 10001011000101010000001010001010 10001010000000100001010110001011
D340054A 11010011010000000000010101001010 01001010000001010100000011010011
8B0A0269 10001011000010100000001001101001 01101001000000100000101010001011
EB16013F 11101011000101100000000100111111 00111111000000010001011011101011
540000E0 01010100000000000000000011100000 11100000000000000000000001010100
EB16013F 11101011000101100000000100111111 00111111000000010001011011101011
5400010C 01010100000000000000000100001100 00001100000000010000000001010100
1400000B 00010100000000000000000000001011 00001011000000000000000000010100
D10007E0 11010001000000000000011111100000 11100000000001110000000011010001
8B1F0000 10001011000111110000000000000000 00000000000000000001111110001011
1400000C 00010100000000000000000000001100 00001100000000000000000000010100
F8000140 11111000000000000000000101000000 01000000000000010000000011111000
8B1F0140 10001011000111110000000101000000 01000000000000010001111110001011
14000009 00010100000000000000000000001001 00001001000000000000000000010100
D100054A 11010001000000000000010101001010 01001010000001010000000011010001
8B0A03E2 10001011000010100000001111100010 11100010000000110000101010001011
9100A39C 10010001000000001010001110011100 10011100101000110000000010010001
17FFFFE3 00010111111111111111111111100011 11100011111111111111111100010111
9100054A 10010001000000000000010101001010 01001010000001010000000010010001
8B0A03E1 10001011000010100000001111100001 11100001000000110000101010001011
9100A39C 10010001000000001010001110011100 10011100101000110000000010010001
17FFFFDF 00010111111111111111111111011111 11011111111111111111111100010111
F840039E 11111000010000000000001110011110 10011110000000110100000011111000
F8408393 11111000010000001000001110010011 10010011100000110100000011111000
F8410394 11111000010000010000001110010100 10010100000000110100000111111000
F8418395 11111000010000011000001110010101 10010101100000110100000111111000
F8420396 11111000010000100000001110010110 10010110000000110100001011111000
9100A39C 10010001000000001010001110011100 10011100101000110000000010010001
D60003C0 11010110000000000000001111000000 11000000000000110000000011010110